                    
                    
                    
                    
                    
                    
                    
                    
                    
                    
                    
                    
                    
88888888888888888888
88888888888888888888
88888888888888888888
88888888888888888888
               88888
              88888 
             88888  
             88888  
            88888   
           88888    
           88888    
          88888     
          88888     
         88888      
         88888      
        88888       
        88888       
       888888       
       88888        
       88888        
      88888         
      88888         
      88888         
      88888         
     88888          
     88888          
     88888          
     88888          
     88888          
     88888          
     88888          
                    
                    
                    
                    
                    
                    
